100 4950
0 1 2540
0 2 4619
0 3 5708
0 4 2903
0 5 1524
0 6 3515
0 7 74
0 8 5489
0 9 4753
0 10 381
0 11 8261
0 12 5948
0 13 2275
0 14 7106
0 15 7577
0 16 6762
0 17 4305
0 18 5697
0 19 4474
0 20 8745
0 21 6368
0 22 2204
0 23 4914
0 24 6053
0 25 4539
0 26 319
0 27 3567
0 28 1699
0 29 8092
0 30 8471
0 31 1101
0 32 5505
0 33 872
0 34 8634
0 35 4236
0 36 8446
0 37 2008
0 38 7272
0 39 8958
0 40 2199
0 41 1186
0 42 8829
0 43 3294
0 44 391
0 45 3674
0 46 17
0 47 2406
0 48 8497
0 49 5484
0 50 8780
0 51 5392
0 52 2640
0 53 9653
0 54 5264
0 55 171
0 56 3657
0 57 477
0 58 3371
0 59 81
0 60 1694
0 61 3713
0 62 565
0 63 3419
0 64 8325
0 65 7259
0 66 473
0 67 5043
0 68 7756
0 69 8642
0 70 7515
0 71 7386
0 72 5987
0 73 2737
0 74 5321
0 75 6739
0 76 6997
0 77 5592
0 78 1003
0 79 9510
0 80 8009
0 81 7982
0 82 5497
0 83 2300
0 84 1633
0 85 5349
0 86 6120
0 87 9136
0 88 1351
0 89 9167
0 90 1263
0 91 8922
0 92 8171
0 93 8471
0 94 8713
0 95 6311
0 96 548
0 97 9243
0 98 8458
0 99 9569
1 2 6668
1 3 3687
1 4 8065
1 5 9715
1 6 8088
1 7 1038
1 8 3694
1 9 6272
1 10 6360
1 11 6470
1 12 2661
1 13 6270
1 14 9756
1 15 4924
1 16 4072
1 17 4809
1 18 5509
1 19 2222
1 20 2531
1 21 7462
1 22 4069
1 23 6728
1 24 6145
1 25 7050
1 26 5821
1 27 952
1 28 4150
1 29 9920
1 30 7393
1 31 4045
1 32 1363
1 33 9774
1 34 4286
1 35 2885
1 36 6348
1 37 279
1 38 8843
1 39 1619
1 40 7711
1 41 1229
1 42 7796
1 43 6912
1 44 8242
1 45 6884
1 46 1577
1 47 8956
1 48 9784
1 49 9226
1 50 8381
1 51 6282
1 52 2628
1 53 3362
1 54 9571
1 55 5838
1 56 2007
1 57 7076
1 58 9430
1 59 8467
1 60 841
1 61 1601
1 62 1492
1 63 3885
1 64 2246
1 65 6123
1 66 5735
1 67 8606
1 68 7547
1 69 4179
1 70 5754
1 71 4856
1 72 5522
1 73 6205
1 74 2718
1 75 8442
1 76 6436
1 77 8782
1 78 3379
1 79 8828
1 80 60
1 81 7790
1 82 2693
1 83 5162
1 84 308
1 85 9650
1 86 7742
1 87 7933
1 88 400
1 89 2109
1 90 8503
1 91 7067
1 92 1516
1 93 3588
1 94 2821
1 95 3805
1 96 4796
1 97 8058
1 98 7398
1 99 5474
2 3 1251
2 4 577
2 5 4040
2 6 9418
2 7 6629
2 8 7163
2 9 502
2 10 4766
2 11 8641
2 12 1540
2 13 8315
2 14 8456
2 15 2057
2 16 393
2 17 5709
2 18 5011
2 19 3140
2 20 8282
2 21 2398
2 22 7902
2 23 8644
2 24 3114
2 25 4379
2 26 4053
2 27 6186
2 28 3154
2 29 1132
2 30 1993
2 31 2164
2 32 6981
2 33 4668
2 34 8504
2 35 606
2 36 8484
2 37 9695
2 38 8216
2 39 1347
2 40 34
2 41 6854
2 42 5530
2 43 8740
2 44 8299
2 45 6468
2 46 8502
2 47 2755
2 48 8814
2 49 8507
2 50 9871
2 51 2761
2 52 7396
2 53 5601
2 54 1287
2 55 541
2 56 8764
2 57 9851
2 58 2983
2 59 3175
2 60 5286
2 61 885
2 62 2600
2 63 8303
2 64 1729
2 65 2185
2 66 3738
2 67 3967
2 68 5053
2 69 5044
2 70 6846
2 71 2771
2 72 1821
2 73 4685
2 74 2581
2 75 5378
2 76 9679
2 77 1034
2 78 441
2 79 1541
2 80 3445
2 81 7475
2 82 3567
2 83 7780
2 84 858
2 85 4455
2 86 3979
2 87 9591
2 88 7792
2 89 1287
2 90 1182
2 91 2643
2 92 7841
2 93 8680
2 94 1070
2 95 1806
2 96 6557
2 97 6583
2 98 1380
2 99 9046
3 4 6367
3 5 6802
3 6 4541
3 7 1233
3 8 4200
3 9 7474
3 10 8728
3 11 6734
3 12 195
3 13 7000
3 14 3137
3 15 5297
3 16 2522
3 17 8307
3 18 4090
3 19 9175
3 20 294
3 21 420
3 22 4413
3 23 4701
3 24 3847
3 25 3248
3 26 9755
3 27 2609
3 28 9221
3 29 3186
3 30 1955
3 31 2244
3 32 1611
3 33 1736
3 34 1429
3 35 9563
3 36 736
3 37 6625
3 38 7615
3 39 1270
3 40 9631
3 41 5142
3 42 8997
3 43 7802
3 44 7175
3 45 2326
3 46 1913
3 47 5993
3 48 3848
3 49 2491
3 50 481
3 51 8195
3 52 9640
3 53 1117
3 54 8270
3 55 8403
3 56 2845
3 57 5604
3 58 6093
3 59 7481
3 60 8534
3 61 7577
3 62 9241
3 63 9004
3 64 5912
3 65 6499
3 66 1814
3 67 4397
3 68 4481
3 69 4173
3 70 5414
3 71 1084
3 72 9952
3 73 2416
3 74 4397
3 75 160
3 76 2173
3 77 1630
3 78 124
3 79 767
3 80 9028
3 81 6310
3 82 2217
3 83 6763
3 84 2179
3 85 4632
3 86 5669
3 87 7560
3 88 2827
3 89 3159
3 90 8885
3 91 9079
3 92 8261
3 93 4459
3 94 9171
3 95 2626
3 96 2830
3 97 4953
3 98 9032
3 99 9237
4 5 231
4 6 2662
4 7 8757
4 8 4505
4 9 7490
4 10 9705
4 11 8174
4 12 4249
4 13 4888
4 14 2366
4 15 3230
4 16 4521
4 17 195
4 18 2332
4 19 1095
4 20 370
4 21 80
4 22 6325
4 23 870
4 24 6586
4 25 6306
4 26 7766
4 27 5628
4 28 160
4 29 9421
4 30 3306
4 31 5563
4 32 8642
4 33 8065
4 34 9152
4 35 1276
4 36 730
4 37 7707
4 38 6923
4 39 890
4 40 5456
4 41 8662
4 42 6463
4 43 4577
4 44 4150
4 45 9578
4 46 3510
4 47 5365
4 48 5001
4 49 9236
4 50 3404
4 51 5618
4 52 3483
4 53 6445
4 54 8138
4 55 4465
4 56 3152
4 57 5125
4 58 2949
4 59 2634
4 60 443
4 61 9240
4 62 388
4 63 7638
4 64 3913
4 65 127
4 66 4363
4 67 4079
4 68 3134
4 69 7023
4 70 3959
4 71 929
4 72 4913
4 73 76
4 74 7060
4 75 111
4 76 4853
4 77 3977
4 78 6734
4 79 8415
4 80 393
4 81 9524
4 82 9149
4 83 7878
4 84 7438
4 85 9842
4 86 398
4 87 8081
4 88 6406
4 89 7811
4 90 1017
4 91 7542
4 92 5138
4 93 1314
4 94 1205
4 95 338
4 96 5468
4 97 3308
4 98 6811
4 99 8439
5 6 7467
5 7 4467
5 8 5999
5 9 9810
5 10 372
5 11 7138
5 12 9153
5 13 7301
5 14 2039
5 15 711
5 16 98
5 17 3585
5 18 9403
5 19 146
5 20 4958
5 21 2941
5 22 847
5 23 1353
5 24 6127
5 25 1574
5 26 7680
5 27 9426
5 28 2691
5 29 4328
5 30 5966
5 31 8278
5 32 5416
5 33 7150
5 34 1840
5 35 3170
5 36 3926
5 37 1461
5 38 3158
5 39 798
5 40 6057
5 41 8732
5 42 7805
5 43 5154
5 44 4553
5 45 952
5 46 4354
5 47 1213
5 48 4221
5 49 5474
5 50 3851
5 51 2629
5 52 3484
5 53 733
5 54 2494
5 55 4113
5 56 7845
5 57 2725
5 58 3706
5 59 3920
5 60 9215
5 61 815
5 62 4688
5 63 6967
5 64 4275
5 65 5428
5 66 6906
5 67 4515
5 68 7083
5 69 9490
5 70 2195
5 71 2034
5 72 5989
5 73 110
5 74 6131
5 75 2934
5 76 2594
5 77 6905
5 78 8182
5 79 2139
5 80 972
5 81 8646
5 82 3755
5 83 170
5 84 8638
5 85 425
5 86 6736
5 87 5348
5 88 6881
5 89 9442
5 90 2328
5 91 8988
5 92 6981
5 93 8681
5 94 9130
5 95 6089
5 96 559
5 97 4214
5 98 6224
5 99 1868
6 7 6852
6 8 3742
6 9 5782
6 10 2748
6 11 7047
6 12 1017
6 13 4174
6 14 8896
6 15 6005
6 16 3303
6 17 4920
6 18 4287
6 19 4646
6 20 6704
6 21 4922
6 22 9368
6 23 2081
6 24 7315
6 25 1406
6 26 919
6 27 5176
6 28 4454
6 29 716
6 30 3421
6 31 4645
6 32 5968
6 33 1707
6 34 6383
6 35 1001
6 36 4564
6 37 5870
6 38 2455
6 39 734
6 40 8444
6 41 3479
6 42 1850
6 43 2938
6 44 9137
6 45 126
6 46 9667
6 47 9275
6 48 4343
6 49 757
6 50 4009
6 51 5645
6 52 3859
6 53 9033
6 54 4447
6 55 2218
6 56 2216
6 57 8211
6 58 2365
6 59 9592
6 60 2507
6 61 6074
6 62 6959
6 63 2748
6 64 2097
6 65 450
6 66 3294
6 67 1220
6 68 2365
6 69 3776
6 70 1682
6 71 3413
6 72 1466
6 73 4864
6 74 888
6 75 5381
6 76 1205
6 77 3511
6 78 1190
6 79 9525
6 80 6543
6 81 8949
6 82 7129
6 83 6664
6 84 9007
6 85 6231
6 86 3985
6 87 5695
6 88 3340
6 89 5631
6 90 6437
6 91 8717
6 92 65
6 93 8863
6 94 2648
6 95 5835
6 96 5372
6 97 2531
6 98 2131
6 99 3156
7 8 3662
7 9 3572
7 10 1109
7 11 9495
7 12 7457
7 13 3673
7 14 4833
7 15 2160
7 16 3961
7 17 9648
7 18 2325
7 19 9878
7 20 7497
7 21 4589
7 22 5360
7 23 1369
7 24 2297
7 25 214
7 26 149
7 27 1391
7 28 680
7 29 4324
7 30 7147
7 31 2174
7 32 7505
7 33 8502
7 34 1689
7 35 7071
7 36 2992
7 37 287
7 38 5738
7 39 4998
7 40 2476
7 41 918
7 42 8937
7 43 8754
7 44 3478
7 45 4458
7 46 5370
7 47 7686
7 48 7593
7 49 6615
7 50 952
7 51 5325
7 52 7137
7 53 1890
7 54 5217
7 55 5583
7 56 4205
7 57 5815
7 58 414
7 59 6912
7 60 2898
7 61 5022
7 62 305
7 63 2424
7 64 3812
7 65 1590
7 66 795
7 67 5366
7 68 3562
7 69 9747
7 70 4656
7 71 3619
7 72 1132
7 73 2343
7 74 2977
7 75 3876
7 76 7137
7 77 1732
7 78 6692
7 79 6048
7 80 1687
7 81 4708
7 82 2580
7 83 1095
7 84 1492
7 85 3953
7 86 9436
7 87 960
7 88 7105
7 89 9096
7 90 1799
7 91 7586
7 92 6711
7 93 8934
7 94 558
7 95 9074
7 96 3784
7 97 2614
7 98 2040
7 99 4986
8 9 2099
8 10 1657
8 11 9794
8 12 9504
8 13 3074
8 14 6588
8 15 6135
8 16 705
8 17 7228
8 18 1625
8 19 3789
8 20 6576
8 21 3670
8 22 8408
8 23 1441
8 24 3525
8 25 8947
8 26 5049
8 27 889
8 28 1174
8 29 9346
8 30 9933
8 31 7594
8 32 7955
8 33 8769
8 34 645
8 35 935
8 36 5688
8 37 7718
8 38 7163
8 39 5220
8 40 7683
8 41 7547
8 42 5004
8 43 7591
8 44 4184
8 45 8194
8 46 8437
8 47 4391
8 48 983
8 49 6859
8 50 6028
8 51 3239
8 52 1890
8 53 9764
8 54 842
8 55 4103
8 56 3432
8 57 9006
8 58 5391
8 59 8999
8 60 598
8 61 1816
8 62 7104
8 63 6583
8 64 5774
8 65 48
8 66 3518
8 67 4889
8 68 9086
8 69 3618
8 70 7643
8 71 2699
8 72 7303
8 73 2784
8 74 3045
8 75 7683
8 76 170
8 77 649
8 78 5059
8 79 7271
8 80 7598
8 81 9091
8 82 9249
8 83 6501
8 84 8465
8 85 8428
8 86 746
8 87 5568
8 88 1975
8 89 3547
8 90 8408
8 91 8657
8 92 5484
8 93 7023
8 94 5879
8 95 4783
8 96 8499
8 97 2730
8 98 7591
8 99 830
9 10 1157
9 11 1887
9 12 1486
9 13 6768
9 14 6912
9 15 7129
9 16 1828
9 17 3072
9 18 3377
9 19 9187
9 20 4846
9 21 833
9 22 2324
9 23 5073
9 24 7159
9 25 5703
9 26 9679
9 27 6305
9 28 1928
9 29 7877
9 30 9030
9 31 586
9 32 525
9 33 1639
9 34 7648
9 35 661
9 36 8106
9 37 9660
9 38 2286
9 39 9587
9 40 9982
9 41 9177
9 42 3162
9 43 2522
9 44 1867
9 45 9493
9 46 8413
9 47 1358
9 48 1220
9 49 2785
9 50 8064
9 51 9967
9 52 8749
9 53 3139
9 54 6071
9 55 4675
9 56 8845
9 57 1935
9 58 1377
9 59 6674
9 60 5232
9 61 1212
9 62 4058
9 63 533
9 64 3432
9 65 520
9 66 649
9 67 5686
9 68 4799
9 69 6869
9 70 3483
9 71 5870
9 72 7786
9 73 1891
9 74 2542
9 75 4817
9 76 913
9 77 5075
9 78 4667
9 79 5208
9 80 8431
9 81 7048
9 82 4262
9 83 1884
9 84 4117
9 85 2240
9 86 1625
9 87 9622
9 88 762
9 89 6039
9 90 9924
9 91 393
9 92 2997
9 93 7503
9 94 9473
9 95 4955
9 96 8866
9 97 5090
9 98 8470
9 99 8884
10 11 1225
10 12 9475
10 13 2624
10 14 3690
10 15 3477
10 16 4517
10 17 2225
10 18 9557
10 19 5418
10 20 4699
10 21 4109
10 22 7390
10 23 4043
10 24 4947
10 25 7704
10 26 4386
10 27 1034
10 28 6649
10 29 8892
10 30 9132
10 31 3377
10 32 1902
10 33 2763
10 34 9347
10 35 6025
10 36 6530
10 37 6512
10 38 7836
10 39 5882
10 40 1273
10 41 6704
10 42 9948
10 43 4495
10 44 9684
10 45 924
10 46 8904
10 47 2806
10 48 730
10 49 2432
10 50 3715
10 51 5058
10 52 3887
10 53 7869
10 54 8098
10 55 528
10 56 4595
10 57 2260
10 58 7804
10 59 1158
10 60 8322
10 61 2642
10 62 8049
10 63 327
10 64 2244
10 65 1468
10 66 2397
10 67 3043
10 68 4523
10 69 3602
10 70 9332
10 71 630
10 72 2540
10 73 6231
10 74 3049
10 75 3649
10 76 3073
10 77 9272
10 78 501
10 79 5206
10 80 9370
10 81 4984
10 82 7649
10 83 3099
10 84 2357
10 85 9391
10 86 4018
10 87 3283
10 88 5801
10 89 4865
10 90 6165
10 91 9058
10 92 8138
10 93 2759
10 94 7477
10 95 65
10 96 6912
10 97 7308
10 98 3824
10 99 2661
11 12 5270
11 13 7234
11 14 2036
11 15 8632
11 16 3825
11 17 9400
11 18 906
11 19 2245
11 20 5315
11 21 9727
11 22 2484
11 23 6688
11 24 3986
11 25 107
11 26 4804
11 27 9614
11 28 6368
11 29 6551
11 30 5840
11 31 4146
11 32 5230
11 33 2956
11 34 2524
11 35 6054
11 36 3874
11 37 6974
11 38 7915
11 39 9
11 40 3668
11 41 9296
11 42 4282
11 43 7841
11 44 3721
11 45 5326
11 46 9737
11 47 9551
11 48 7943
11 49 8716
11 50 1360
11 51 3448
11 52 1411
11 53 9509
11 54 8258
11 55 5244
11 56 4878
11 57 5741
11 58 3900
11 59 7192
11 60 3583
11 61 6280
11 62 8264
11 63 7428
11 64 4074
11 65 4398
11 66 6777
11 67 6551
11 68 684
11 69 6122
11 70 4894
11 71 3199
11 72 1484
11 73 4750
11 74 4237
11 75 2857
11 76 2086
11 77 3097
11 78 8675
11 79 4476
11 80 4506
11 81 8014
11 82 6448
11 83 7614
11 84 7417
11 85 7499
11 86 7511
11 87 8744
11 88 3636
11 89 9347
11 90 3640
11 91 9157
11 92 414
11 93 1677
11 94 2514
11 95 8437
11 96 8218
11 97 9918
11 98 5992
11 99 6880
12 13 4083
12 14 1875
12 15 7107
12 16 7440
12 17 6327
12 18 2348
12 19 9922
12 20 2756
12 21 8445
12 22 1435
12 23 1307
12 24 5689
12 25 1335
12 26 6145
12 27 3969
12 28 2382
12 29 4671
12 30 3224
12 31 5603
12 32 5341
12 33 180
12 34 2210
12 35 9899
12 36 274
12 37 1881
12 38 1634
12 39 1344
12 40 4499
12 41 902
12 42 8037
12 43 7222
12 44 6635
12 45 5417
12 46 6992
12 47 7051
12 48 6956
12 49 9458
12 50 7685
12 51 1782
12 52 5326
12 53 7847
12 54 7763
12 55 2564
12 56 8945
12 57 8382
12 58 3158
12 59 1566
12 60 5261
12 61 6524
12 62 8362
12 63 5448
12 64 6370
12 65 2305
12 66 6250
12 67 5425
12 68 9966
12 69 3965
12 70 2950
12 71 6550
12 72 8492
12 73 7890
12 74 2501
12 75 2838
12 76 2511
12 77 9848
12 78 8064
12 79 4153
12 80 6540
12 81 8215
12 82 1332
12 83 5417
12 84 5554
12 85 5915
12 86 9414
12 87 8611
12 88 8245
12 89 4142
12 90 8980
12 91 3290
12 92 8717
12 93 7569
12 94 725
12 95 1899
12 96 1745
12 97 7719
12 98 3325
12 99 2035
13 14 8027
13 15 8458
13 16 4956
13 17 8980
13 18 4861
13 19 5138
13 20 2214
13 21 8340
13 22 4642
13 23 6831
13 24 754
13 25 413
13 26 8206
13 27 9309
13 28 9388
13 29 5036
13 30 2592
13 31 4950
13 32 9494
13 33 8105
13 34 3116
13 35 4570
13 36 4599
13 37 8673
13 38 7760
13 39 5365
13 40 764
13 41 8633
13 42 7864
13 43 8583
13 44 7039
13 45 5314
13 46 2831
13 47 320
13 48 6629
13 49 1042
13 50 8152
13 51 8955
13 52 3668
13 53 2689
13 54 5437
13 55 3089
13 56 7543
13 57 8533
13 58 334
13 59 4615
13 60 6539
13 61 9399
13 62 9218
13 63 2534
13 64 5255
13 65 5957
13 66 8377
13 67 4496
13 68 5743
13 69 4307
13 70 35
13 71 4673
13 72 554
13 73 7538
13 74 8007
13 75 8556
13 76 7052
13 77 1810
13 78 2051
13 79 7531
13 80 6212
13 81 1716
13 82 4033
13 83 8672
13 84 5874
13 85 1123
13 86 922
13 87 8097
13 88 7977
13 89 2554
13 90 9328
13 91 9459
13 92 1616
13 93 266
13 94 3800
13 95 2635
13 96 8964
13 97 9592
13 98 6426
13 99 1545
14 15 9065
14 16 7909
14 17 8406
14 18 4175
14 19 5293
14 20 592
14 21 5235
14 22 2332
14 23 5880
14 24 8734
14 25 5867
14 26 3446
14 27 3335
14 28 4062
14 29 2822
14 30 1808
14 31 7796
14 32 480
14 33 4573
14 34 2057
14 35 1405
14 36 992
14 37 3760
14 38 3415
14 39 5650
14 40 3346
14 41 4759
14 42 9207
14 43 1269
14 44 7709
14 45 2006
14 46 2547
14 47 823
14 48 4896
14 49 6048
14 50 5711
14 51 7297
14 52 4255
14 53 7794
14 54 7685
14 55 8207
14 56 6154
14 57 2680
14 58 1645
14 59 3635
14 60 5229
14 61 5508
14 62 1736
14 63 8281
14 64 7026
14 65 3659
14 66 6378
14 67 2230
14 68 2471
14 69 1023
14 70 3590
14 71 2428
14 72 1742
14 73 7530
14 74 2296
14 75 7072
14 76 1536
14 77 9486
14 78 2457
14 79 8062
14 80 7458
14 81 4030
14 82 6004
14 83 2489
14 84 6349
14 85 7014
14 86 5
14 87 2689
14 88 1693
14 89 7326
14 90 3292
14 91 5871
14 92 8967
14 93 2282
14 94 7847
14 95 8493
14 96 6767
14 97 8075
14 98 6652
14 99 7648
15 16 3856
15 17 6482
15 18 419
15 19 1553
15 20 1899
15 21 4028
15 22 6644
15 23 3896
15 24 8596
15 25 2634
15 26 5772
15 27 2295
15 28 6128
15 29 1410
15 30 887
15 31 9399
15 32 5444
15 33 7707
15 34 9343
15 35 6262
15 36 7730
15 37 1789
15 38 6983
15 39 1546
15 40 638
15 41 3558
15 42 8221
15 43 6838
15 44 8283
15 45 1682
15 46 8137
15 47 7895
15 48 892
15 49 5124
15 50 5954
15 51 3997
15 52 2051
15 53 4608
15 54 2791
15 55 2755
15 56 8965
15 57 6891
15 58 442
15 59 5683
15 60 3858
15 61 7813
15 62 2035
15 63 654
15 64 2741
15 65 1071
15 66 9952
15 67 947
15 68 1093
15 69 8411
15 70 1103
15 71 7028
15 72 4720
15 73 3500
15 74 4786
15 75 6407
15 76 8039
15 77 6148
15 78 3732
15 79 8988
15 80 1336
15 81 5707
15 82 4657
15 83 157
15 84 3170
15 85 2529
15 86 681
15 87 1522
15 88 4029
15 89 4151
15 90 4292
15 91 9723
15 92 2587
15 93 8529
15 94 6191
15 95 6975
15 96 6463
15 97 88
15 98 2324
15 99 3161
16 17 5257
16 18 5609
16 19 8678
16 20 8164
16 21 4822
16 22 6049
16 23 990
16 24 4894
16 25 8216
16 26 7278
16 27 4455
16 28 7974
16 29 593
16 30 7412
16 31 6689
16 32 416
16 33 2409
16 34 919
16 35 5761
16 36 801
16 37 7747
16 38 33
16 39 3934
16 40 6423
16 41 2316
16 42 2094
16 43 6894
16 44 3670
16 45 8730
16 46 7424
16 47 7737
16 48 5515
16 49 5042
16 50 6085
16 51 4729
16 52 7402
16 53 6192
16 54 3445
16 55 1963
16 56 7041
16 57 7029
16 58 3862
16 59 2424
16 60 669
16 61 9850
16 62 8991
16 63 3702
16 64 8196
16 65 9055
16 66 2232
16 67 7589
16 68 2291
16 69 409
16 70 3655
16 71 6184
16 72 1985
16 73 2679
16 74 381
16 75 8710
16 76 9626
16 77 4953
16 78 5833
16 79 5290
16 80 1132
16 81 3812
16 82 7541
16 83 6126
16 84 3414
16 85 729
16 86 7255
16 87 7186
16 88 9559
16 89 1550
16 90 9004
16 91 6336
16 92 1908
16 93 6711
16 94 423
16 95 7129
16 96 5517
16 97 2971
16 98 219
16 99 935
17 18 9659
17 19 4896
17 20 9914
17 21 1978
17 22 2989
17 23 7018
17 24 1187
17 25 3960
17 26 8806
17 27 5714
17 28 1052
17 29 1448
17 30 442
17 31 3168
17 32 5888
17 33 3941
17 34 3206
17 35 4486
17 36 1899
17 37 5655
17 38 8565
17 39 3031
17 40 3964
17 41 9442
17 42 8280
17 43 8330
17 44 7057
17 45 8978
17 46 1052
17 47 5548
17 48 4384
17 49 9386
17 50 1912
17 51 5440
17 52 4258
17 53 2789
17 54 5073
17 55 8949
17 56 3321
17 57 1947
17 58 4243
17 59 1151
17 60 7207
17 61 2083
17 62 499
17 63 5150
17 64 966
17 65 8301
17 66 6746
17 67 7689
17 68 671
17 69 3549
17 70 9514
17 71 4725
17 72 4497
17 73 28
17 74 3385
17 75 7050
17 76 6267
17 77 5119
17 78 684
17 79 3147
17 80 6950
17 81 1448
17 82 9256
17 83 8886
17 84 9960
17 85 9543
17 86 4115
17 87 1443
17 88 4192
17 89 684
17 90 4534
17 91 7842
17 92 4709
17 93 7013
17 94 6781
17 95 6931
17 96 4748
17 97 5742
17 98 4078
17 99 7240
18 19 4269
18 20 4392
18 21 9627
18 22 2209
18 23 9689
18 24 4393
18 25 5564
18 26 8535
18 27 6603
18 28 1077
18 29 561
18 30 3052
18 31 2322
18 32 9150
18 33 1478
18 34 8447
18 35 7899
18 36 4031
18 37 9914
18 38 8389
18 39 9896
18 40 1125
18 41 2831
18 42 8194
18 43 657
18 44 7042
18 45 7497
18 46 8014
18 47 2059
18 48 9063
18 49 4943
18 50 1729
18 51 1819
18 52 1726
18 53 2828
18 54 6206
18 55 3294
18 56 2328
18 57 8155
18 58 2403
18 59 9437
18 60 324
18 61 2658
18 62 1913
18 63 9050
18 64 9149
18 65 8804
18 66 9967
18 67 8830
18 68 2832
18 69 2374
18 70 8675
18 71 7806
18 72 3893
18 73 8339
18 74 2324
18 75 1736
18 76 3507
18 77 397
18 78 9934
18 79 3789
18 80 9679
18 81 899
18 82 8944
18 83 4401
18 84 4269
18 85 7168
18 86 7908
18 87 7574
18 88 5095
18 89 2230
18 90 5365
18 91 3118
18 92 5067
18 93 2827
18 94 6695
18 95 4289
18 96 6332
18 97 5276
18 98 681
18 99 8162
19 20 3724
19 21 181
19 22 2753
19 23 1657
19 24 8507
19 25 310
19 26 2443
19 27 9620
19 28 310
19 29 2078
19 30 8447
19 31 2602
19 32 2474
19 33 9937
19 34 5881
19 35 1071
19 36 3586
19 37 4766
19 38 6798
19 39 9636
19 40 5901
19 41 1841
19 42 6856
19 43 9620
19 44 9544
19 45 1358
19 46 8123
19 47 766
19 48 9918
19 49 4617
19 50 472
19 51 3233
19 52 4600
19 53 1989
19 54 1717
19 55 9138
19 56 5111
19 57 4535
19 58 9745
19 59 8870
19 60 8469
19 61 9787
19 62 8237
19 63 1152
19 64 3156
19 65 3604
19 66 1252
19 67 7391
19 68 4254
19 69 4233
19 70 972
19 71 270
19 72 2885
19 73 1768
19 74 7172
19 75 3693
19 76 5808
19 77 6034
19 78 6636
19 79 6240
19 80 2067
19 81 8600
19 82 5635
19 83 3083
19 84 4887
19 85 101
19 86 8869
19 87 1973
19 88 8704
19 89 2338
19 90 3787
19 91 7339
19 92 3150
19 93 5732
19 94 105
19 95 2794
19 96 8109
19 97 6618
19 98 498
19 99 6452
20 21 6529
20 22 5606
20 23 9960
20 24 5286
20 25 4587
20 26 7755
20 27 8105
20 28 4513
20 29 2026
20 30 7688
20 31 823
20 32 5466
20 33 8977
20 34 7920
20 35 5132
20 36 734
20 37 9460
20 38 6647
20 39 3799
20 40 8519
20 41 5865
20 42 2072
20 43 4378
20 44 9064
20 45 3213
20 46 3885
20 47 670
20 48 4799
20 49 6747
20 50 8991
20 51 3294
20 52 2399
20 53 1508
20 54 7781
20 55 51
20 56 9353
20 57 7935
20 58 9261
20 59 6075
20 60 9834
20 61 3263
20 62 8261
20 63 8383
20 64 4659
20 65 4491
20 66 5560
20 67 9357
20 68 7962
20 69 5058
20 70 2273
20 71 8950
20 72 8842
20 73 3988
20 74 3114
20 75 5959
20 76 9676
20 77 3254
20 78 9292
20 79 4568
20 80 4066
20 81 6369
20 82 648
20 83 3565
20 84 6458
20 85 8800
20 86 8445
20 87 2113
20 88 2337
20 89 8717
20 90 4702
20 91 7768
20 92 2635
20 93 4777
20 94 1354
20 95 9562
20 96 8454
20 97 6200
20 98 2664
20 99 1390
21 22 2574
21 23 9200
21 24 7312
21 25 8696
21 26 2317
21 27 3001
21 28 2356
21 29 4494
21 30 4292
21 31 8141
21 32 9878
21 33 9144
21 34 5333
21 35 9509
21 36 8541
21 37 1989
21 38 5459
21 39 6691
21 40 6504
21 41 1916
21 42 8139
21 43 4563
21 44 9196
21 45 8268
21 46 274
21 47 7809
21 48 5291
21 49 3105
21 50 9371
21 51 4047
21 52 6901
21 53 762
21 54 8182
21 55 1602
21 56 5477
21 57 910
21 58 7704
21 59 9605
21 60 3199
21 61 6848
21 62 7922
21 63 60
21 64 753
21 65 1656
21 66 1892
21 67 3793
21 68 6274
21 69 1013
21 70 2865
21 71 4805
21 72 7018
21 73 2956
21 74 6031
21 75 424
21 76 4804
21 77 1696
21 78 6135
21 79 7875
21 80 8671
21 81 4703
21 82 9779
21 83 1428
21 84 3339
21 85 9711
21 86 6479
21 87 8092
21 88 34
21 89 1039
21 90 5747
21 91 3995
21 92 7053
21 93 2677
21 94 8365
21 95 8053
21 96 1019
21 97 8965
21 98 8802
21 99 4291
22 23 6220
22 24 2357
22 25 2295
22 26 9278
22 27 8632
22 28 1773
22 29 4496
22 30 6546
22 31 3278
22 32 4339
22 33 3784
22 34 5554
22 35 8427
22 36 7941
22 37 6354
22 38 8801
22 39 7811
22 40 1945
22 41 2014
22 42 7028
22 43 2489
22 44 8673
22 45 4254
22 46 9091
22 47 7322
22 48 8810
22 49 1612
22 50 62
22 51 3078
22 52 9738
22 53 8602
22 54 8370
22 55 4140
22 56 7029
22 57 3547
22 58 417
22 59 3508
22 60 5778
22 61 7565
22 62 8955
22 63 1303
22 64 288
22 65 3612
22 66 9783
22 67 381
22 68 7742
22 69 7050
22 70 9782
22 71 2784
22 72 3897
22 73 9469
22 74 8209
22 75 3766
22 76 6623
22 77 5687
22 78 2267
22 79 5908
22 80 6135
22 81 9744
22 82 7465
22 83 4438
22 84 9144
22 85 9521
22 86 3051
22 87 6303
22 88 7832
22 89 1130
22 90 2870
22 91 9753
22 92 3571
22 93 3654
22 94 2431
22 95 8241
22 96 9574
22 97 1990
22 98 3645
22 99 2301
23 24 6317
23 25 552
23 26 9756
23 27 5732
23 28 8490
23 29 3434
23 30 4299
23 31 7892
23 32 2487
23 33 7252
23 34 9578
23 35 2197
23 36 8984
23 37 1335
23 38 2122
23 39 2017
23 40 6047
23 41 6196
23 42 4855
23 43 9101
23 44 4372
23 45 5282
23 46 8292
23 47 6357
23 48 7768
23 49 6906
23 50 5987
23 51 6378
23 52 8801
23 53 2920
23 54 2660
23 55 9460
23 56 1612
23 57 8247
23 58 6973
23 59 0
23 60 1395
23 61 679
23 62 4734
23 63 8175
23 64 2726
23 65 3485
23 66 2490
23 67 4556
23 68 7016
23 69 4351
23 70 5914
23 71 8954
23 72 2712
23 73 2878
23 74 2166
23 75 1176
23 76 572
23 77 5501
23 78 509
23 79 618
23 80 319
23 81 1022
23 82 849
23 83 3663
23 84 4279
23 85 2181
23 86 5581
23 87 2689
23 88 8254
23 89 8684
23 90 6160
23 91 8178
23 92 9789
23 93 4934
23 94 2146
23 95 5888
23 96 9236
23 97 1341
23 98 7110
23 99 4330
24 25 9602
24 26 1549
24 27 2784
24 28 3914
24 29 6991
24 30 9153
24 31 76
24 32 8032
24 33 4681
24 34 6567
24 35 3184
24 36 8081
24 37 333
24 38 5605
24 39 934
24 40 8958
24 41 7663
24 42 3985
24 43 7676
24 44 8935
24 45 1001
24 46 4536
24 47 4617
24 48 7965
24 49 3616
24 50 4161
24 51 1273
24 52 1451
24 53 8419
24 54 7778
24 55 5908
24 56 2332
24 57 2713
24 58 8381
24 59 3277
24 60 2892
24 61 7032
24 62 8147
24 63 7745
24 64 9157
24 65 1778
24 66 7070
24 67 9986
24 68 4960
24 69 4397
24 70 4996
24 71 5828
24 72 9776
24 73 4085
24 74 124
24 75 6529
24 76 4322
24 77 686
24 78 2064
24 79 825
24 80 543
24 81 9348
24 82 334
24 83 378
24 84 8111
24 85 2755
24 86 9853
24 87 1956
24 88 7839
24 89 8301
24 90 3392
24 91 1585
24 92 3523
24 93 8466
24 94 7247
24 95 8250
24 96 7643
24 97 8791
24 98 433
24 99 7253
25 26 3080
25 27 9403
25 28 9608
25 29 6264
25 30 2531
25 31 2788
25 32 1619
25 33 322
25 34 9697
25 35 2664
25 36 3078
25 37 5546
25 38 1443
25 39 6243
25 40 1708
25 41 5167
25 42 8126
25 43 4875
25 44 7300
25 45 5645
25 46 86
25 47 6185
25 48 1118
25 49 5081
25 50 1887
25 51 4111
25 52 1305
25 53 942
25 54 2304
25 55 1999
25 56 8439
25 57 9159
25 58 7301
25 59 7867
25 60 9773
25 61 2103
25 62 5278
25 63 263
25 64 2874
25 65 8633
25 66 8699
25 67 7765
25 68 9404
25 69 5431
25 70 3916
25 71 5104
25 72 7597
25 73 5200
25 74 1442
25 75 4136
25 76 7626
25 77 3922
25 78 2261
25 79 8437
25 80 7493
25 81 6368
25 82 1818
25 83 6167
25 84 8358
25 85 6296
25 86 2293
25 87 7045
25 88 7254
25 89 5379
25 90 5453
25 91 5751
25 92 2068
25 93 2809
25 94 2960
25 95 5884
25 96 8325
25 97 5722
25 98 8308
25 99 5734
26 27 9843
26 28 9120
26 29 4800
26 30 9543
26 31 5654
26 32 2809
26 33 6880
26 34 5688
26 35 3694
26 36 2015
26 37 7996
26 38 6264
26 39 7743
26 40 7815
26 41 6707
26 42 912
26 43 7837
26 44 3268
26 45 4226
26 46 1447
26 47 5957
26 48 1258
26 49 769
26 50 2787
26 51 8165
26 52 431
26 53 5149
26 54 39
26 55 1590
26 56 6327
26 57 1903
26 58 1181
26 59 9636
26 60 5847
26 61 2891
26 62 9735
26 63 1639
26 64 4516
26 65 5816
26 66 2050
26 67 3814
26 68 7663
26 69 365
26 70 9396
26 71 6789
26 72 8598
26 73 3809
26 74 5904
26 75 1284
26 76 9145
26 77 1797
26 78 9606
26 79 7561
26 80 475
26 81 6811
26 82 5299
26 83 6159
26 84 5079
26 85 6294
26 86 4770
26 87 7119
26 88 3950
26 89 4819
26 90 2033
26 91 2424
26 92 6542
26 93 9812
26 94 8683
26 95 1699
26 96 4948
26 97 8360
26 98 7181
26 99 4329
27 28 7841
27 29 3377
27 30 7969
27 31 2149
27 32 4243
27 33 1055
27 34 9669
27 35 5558
27 36 1902
27 37 7900
27 38 314
27 39 2540
27 40 208
27 41 4907
27 42 1524
27 43 4411
27 44 2904
27 45 8461
27 46 6902
27 47 4345
27 48 1650
27 49 2405
27 50 471
27 51 4717
27 52 7438
27 53 3382
27 54 973
27 55 7141
27 56 3252
27 57 2040
27 58 3051
27 59 4703
27 60 7995
27 61 5967
27 62 6908
27 63 9334
27 64 8666
27 65 6351
27 66 3911
27 67 8554
27 68 5054
27 69 9246
27 70 6768
27 71 4854
27 72 8800
27 73 4083
27 74 9436
27 75 7885
27 76 6574
27 77 6581
27 78 3685
27 79 4334
27 80 5336
27 81 579
27 82 6389
27 83 2848
27 84 6169
27 85 3484
27 86 4039
27 87 1711
27 88 2011
27 89 2985
27 90 8717
27 91 5108
27 92 3763
27 93 8496
27 94 2818
27 95 9753
27 96 8716
27 97 9390
27 98 8196
27 99 7415
28 29 5008
28 30 3482
28 31 9076
28 32 477
28 33 5930
28 34 3490
28 35 7065
28 36 6987
28 37 8257
28 38 6191
28 39 920
28 40 8938
28 41 9555
28 42 8886
28 43 3331
28 44 2445
28 45 379
28 46 435
28 47 1919
28 48 1365
28 49 8662
28 50 9603
28 51 1893
28 52 6517
28 53 5210
28 54 1741
28 55 3360
28 56 1110
28 57 1211
28 58 5957
28 59 7161
28 60 9242
28 61 919
28 62 8813
28 63 9271
28 64 8416
28 65 5271
28 66 7339
28 67 5325
28 68 8900
28 69 5096
28 70 3679
28 71 3603
28 72 2441
28 73 5785
28 74 6051
28 75 6945
28 76 388
28 77 8823
28 78 5856
28 79 1513
28 80 6546
28 81 9409
28 82 8766
28 83 3019
28 84 3284
28 85 3551
28 86 8388
28 87 9143
28 88 309
28 89 2486
28 90 4735
28 91 202
28 92 4309
28 93 7042
28 94 6117
28 95 8814
28 96 4246
28 97 9663
28 98 2332
28 99 3331
29 30 1422
29 31 7187
29 32 9031
29 33 9051
29 34 5711
29 35 3224
29 36 8042
29 37 5928
29 38 9272
29 39 4969
29 40 6039
29 41 1349
29 42 6961
29 43 5642
29 44 4488
29 45 1840
29 46 8238
29 47 384
29 48 7030
29 49 8106
29 50 8846
29 51 426
29 52 6612
29 53 3676
29 54 1777
29 55 7587
29 56 3569
29 57 8613
29 58 6124
29 59 8775
29 60 7593
29 61 6222
29 62 9310
29 63 8061
29 64 1071
29 65 2544
29 66 2853
29 67 2083
29 68 8620
29 69 5474
29 70 4375
29 71 3105
29 72 7818
29 73 2839
29 74 8855
29 75 2851
29 76 9112
29 77 6473
29 78 268
29 79 9417
29 80 8660
29 81 2400
29 82 720
29 83 9017
29 84 6490
29 85 5600
29 86 7902
29 87 4069
29 88 3755
29 89 1522
29 90 3325
29 91 9272
29 92 7101
29 93 5487
29 94 3109
29 95 7659
29 96 5207
29 97 5455
29 98 355
29 99 9378
30 31 2401
30 32 3217
30 33 3115
30 34 6941
30 35 6939
30 36 4036
30 37 4786
30 38 2043
30 39 6986
30 40 4982
30 41 4413
30 42 696
30 43 5662
30 44 7780
30 45 2823
30 46 5375
30 47 7586
30 48 2843
30 49 6755
30 50 5166
30 51 3295
30 52 7360
30 53 7261
30 54 7481
30 55 4621
30 56 1782
30 57 495
30 58 7814
30 59 3675
30 60 5888
30 61 8742
30 62 7217
30 63 410
30 64 7687
30 65 7015
30 66 709
30 67 8925
30 68 5900
30 69 5901
30 70 3657
30 71 648
30 72 9448
30 73 4448
30 74 7331
30 75 3310
30 76 5482
30 77 7850
30 78 9298
30 79 8246
30 80 827
30 81 3429
30 82 9071
30 83 4960
30 84 417
30 85 5007
30 86 4558
30 87 1134
30 88 258
30 89 115
30 90 225
30 91 8285
30 92 1809
30 93 6726
30 94 3595
30 95 8136
30 96 9248
30 97 6168
30 98 2775
30 99 2450
31 32 1054
31 33 6711
31 34 3982
31 35 9507
31 36 2544
31 37 7971
31 38 4732
31 39 3759
31 40 6612
31 41 9691
31 42 5300
31 43 1244
31 44 5723
31 45 9756
31 46 8343
31 47 2293
31 48 9463
31 49 5329
31 50 4154
31 51 4772
31 52 8377
31 53 7917
31 54 6939
31 55 5659
31 56 6685
31 57 7854
31 58 5681
31 59 6093
31 60 3552
31 61 6197
31 62 1732
31 63 5205
31 64 5042
31 65 2368
31 66 4072
31 67 1024
31 68 6605
31 69 3993
31 70 2330
31 71 2539
31 72 9030
31 73 1337
31 74 7156
31 75 5596
31 76 9148
31 77 2516
31 78 7264
31 79 6726
31 80 259
31 81 7208
31 82 2578
31 83 3245
31 84 6240
31 85 5998
31 86 3329
31 87 4985
31 88 7615
31 89 9659
31 90 5613
31 91 2873
31 92 7481
31 93 7717
31 94 5013
31 95 2268
31 96 94
31 97 8438
31 98 1159
31 99 4394
32 33 5200
32 34 3028
32 35 7807
32 36 7552
32 37 6735
32 38 5279
32 39 4940
32 40 860
32 41 5365
32 42 4152
32 43 1690
32 44 7200
32 45 567
32 46 864
32 47 1468
32 48 8779
32 49 9404
32 50 3933
32 51 3572
32 52 8251
32 53 5970
32 54 5314
32 55 8789
32 56 704
32 57 7600
32 58 8304
32 59 9988
32 60 6974
32 61 1381
32 62 3177
32 63 2575
32 64 6728
32 65 7209
32 66 9676
32 67 3830
32 68 562
32 69 1749
32 70 6407
32 71 4568
32 72 3948
32 73 974
32 74 5985
32 75 1408
32 76 2286
32 77 7657
32 78 1285
32 79 2951
32 80 5540
32 81 4210
32 82 2618
32 83 8627
32 84 2996
32 85 519
32 86 7777
32 87 4654
32 88 3507
32 89 1099
32 90 6950
32 91 7569
32 92 4283
32 93 5777
32 94 2308
32 95 2163
32 96 1734
32 97 3386
32 98 7711
32 99 7270
33 34 1192
33 35 8503
33 36 7412
33 37 9839
33 38 8430
33 39 7117
33 40 3921
33 41 4984
33 42 4801
33 43 8323
33 44 4246
33 45 7314
33 46 9574
33 47 5600
33 48 606
33 49 6715
33 50 7552
33 51 3074
33 52 6445
33 53 9994
33 54 7452
33 55 9244
33 56 1031
33 57 8317
33 58 6650
33 59 3120
33 60 6295
33 61 9195
33 62 899
33 63 5443
33 64 7675
33 65 941
33 66 3418
33 67 720
33 68 6684
33 69 6973
33 70 6339
33 71 4171
33 72 6672
33 73 7121
33 74 8930
33 75 1384
33 76 4842
33 77 3171
33 78 1230
33 79 7443
33 80 2947
33 81 6296
33 82 8787
33 83 6617
33 84 6305
33 85 4727
33 86 4015
33 87 3320
33 88 5769
33 89 1042
33 90 2392
33 91 9967
33 92 117
33 93 9789
33 94 7172
33 95 7612
33 96 6959
33 97 7820
33 98 4563
33 99 800
34 35 8716
34 36 1658
34 37 2482
34 38 8944
34 39 6461
34 40 8511
34 41 9840
34 42 2703
34 43 8509
34 44 121
34 45 99
34 46 5354
34 47 2522
34 48 1547
34 49 2351
34 50 5938
34 51 9580
34 52 193
34 53 5533
34 54 3084
34 55 6195
34 56 3906
34 57 6562
34 58 5859
34 59 5547
34 60 822
34 61 1141
34 62 722
34 63 2395
34 64 7779
34 65 6789
34 66 1707
34 67 7003
34 68 8585
34 69 1243
34 70 4375
34 71 2239
34 72 8189
34 73 5809
34 74 2689
34 75 4549
34 76 3923
34 77 2442
34 78 2021
34 79 3884
34 80 343
34 81 5419
34 82 770
34 83 9885
34 84 9945
34 85 3264
34 86 7707
34 87 1608
34 88 8028
34 89 4311
34 90 2080
34 91 5926
34 92 6348
34 93 9722
34 94 8771
34 95 5343
34 96 6816
34 97 1095
34 98 1352
34 99 9439
35 36 3492
35 37 5893
35 38 1732
35 39 5399
35 40 8386
35 41 2833
35 42 6312
35 43 2159
35 44 4158
35 45 1120
35 46 5020
35 47 9597
35 48 4735
35 49 1935
35 50 1423
35 51 8871
35 52 3041
35 53 7941
35 54 9226
35 55 2545
35 56 3590
35 57 6764
35 58 2912
35 59 3435
35 60 6517
35 61 7333
35 62 8000
35 63 9277
35 64 8779
35 65 3807
35 66 9477
35 67 6223
35 68 7706
35 69 390
35 70 5304
35 71 7984
35 72 1881
35 73 1755
35 74 5610
35 75 8951
35 76 4394
35 77 8032
35 78 7147
35 79 9068
35 80 3926
35 81 357
35 82 6919
35 83 5383
35 84 9836
35 85 2830
35 86 8486
35 87 238
35 88 8435
35 89 9386
35 90 9400
35 91 8876
35 92 8984
35 93 9581
35 94 8461
35 95 9875
35 96 9595
35 97 5576
35 98 7043
35 99 256
36 37 5180
36 38 3696
36 39 9607
36 40 3406
36 41 1860
36 42 7879
36 43 4699
36 44 1984
36 45 4855
36 46 9037
36 47 9229
36 48 9894
36 49 9752
36 50 3901
36 51 5625
36 52 7103
36 53 269
36 54 9285
36 55 3592
36 56 8579
36 57 9175
36 58 2850
36 59 5611
36 60 3943
36 61 2830
36 62 9441
36 63 8090
36 64 7607
36 65 4003
36 66 2868
36 67 8109
36 68 41
36 69 2037
36 70 6573
36 71 9071
36 72 9655
36 73 4261
36 74 3092
36 75 7286
36 76 1281
36 77 7584
36 78 1397
36 79 5457
36 80 1689
36 81 4659
36 82 3285
36 83 8393
36 84 4707
36 85 4658
36 86 4807
36 87 853
36 88 8583
36 89 4791
36 90 6408
36 91 7390
36 92 6000
36 93 4978
36 94 5940
36 95 9285
36 96 2822
36 97 4777
36 98 1963
36 99 4223
37 38 5087
37 39 8614
37 40 897
37 41 246
37 42 5011
37 43 2636
37 44 478
37 45 6672
37 46 5864
37 47 4112
37 48 3698
37 49 1200
37 50 2432
37 51 2183
37 52 1972
37 53 4187
37 54 8509
37 55 6989
37 56 3597
37 57 8232
37 58 5352
37 59 2742
37 60 3761
37 61 3626
37 62 5353
37 63 9108
37 64 5336
37 65 7971
37 66 3335
37 67 4459
37 68 5446
37 69 1304
37 70 3803
37 71 3994
37 72 1463
37 73 6493
37 74 6262
37 75 5498
37 76 1444
37 77 8269
37 78 2272
37 79 5621
37 80 8290
37 81 3334
37 82 7299
37 83 9926
37 84 3916
37 85 8225
37 86 7616
37 87 708
37 88 9616
37 89 1290
37 90 7535
37 91 7563
37 92 1425
37 93 6
37 94 5032
37 95 7071
37 96 4799
37 97 5175
37 98 4517
37 99 9584
38 39 1199
38 40 9026
38 41 3905
38 42 3057
38 43 287
38 44 5187
38 45 9410
38 46 6180
38 47 5336
38 48 4607
38 49 5589
38 50 5611
38 51 6212
38 52 3056
38 53 2
38 54 5040
38 55 3806
38 56 2610
38 57 1578
38 58 7012
38 59 2143
38 60 1636
38 61 9293
38 62 1968
38 63 9604
38 64 5278
38 65 3057
38 66 2809
38 67 8597
38 68 1100
38 69 1883
38 70 7410
38 71 3902
38 72 2703
38 73 5313
38 74 6015
38 75 3420
38 76 7409
38 77 2890
38 78 5183
38 79 1555
38 80 2840
38 81 2971
38 82 5069
38 83 4629
38 84 1217
38 85 6628
38 86 2198
38 87 9806
38 88 9464
38 89 4535
38 90 5637
38 91 3827
38 92 7875
38 93 4761
38 94 461
38 95 5554
38 96 7
38 97 7224
38 98 8768
38 99 6775
39 40 1695
39 41 6175
39 42 5148
39 43 9020
39 44 7677
39 45 5553
39 46 454
39 47 250
39 48 145
39 49 3280
39 50 5035
39 51 4182
39 52 4763
39 53 9667
39 54 130
39 55 6761
39 56 6134
39 57 1976
39 58 4078
39 59 8807
39 60 6566
39 61 1871
39 62 8156
39 63 1244
39 64 9051
39 65 5013
39 66 5431
39 67 9458
39 68 7842
39 69 2370
39 70 4816
39 71 6334
39 72 7730
39 73 958
39 74 1687
39 75 9302
39 76 6196
39 77 7655
39 78 5877
39 79 5309
39 80 987
39 81 3512
39 82 7638
39 83 9093
39 84 9315
39 85 7549
39 86 2247
39 87 4313
39 88 3918
39 89 8395
39 90 4339
39 91 4165
39 92 5484
39 93 9364
39 94 3761
39 95 7960
39 96 598
39 97 7521
39 98 5759
39 99 2791
40 41 9269
40 42 157
40 43 9655
40 44 4919
40 45 6362
40 46 2700
40 47 1825
40 48 3772
40 49 6807
40 50 554
40 51 743
40 52 2581
40 53 5323
40 54 3591
40 55 4130
40 56 3581
40 57 7595
40 58 6136
40 59 854
40 60 2410
40 61 1296
40 62 7123
40 63 3101
40 64 5945
40 65 2212
40 66 4834
40 67 7563
40 68 79
40 69 2786
40 70 8121
40 71 7924
40 72 9192
40 73 7873
40 74 1341
40 75 4744
40 76 6994
40 77 5216
40 78 3367
40 79 2999
40 80 9224
40 81 6233
40 82 1994
40 83 2008
40 84 2309
40 85 6042
40 86 3801
40 87 7230
40 88 8470
40 89 364
40 90 6117
40 91 8536
40 92 7029
40 93 931
40 94 2121
40 95 4923
40 96 3670
40 97 302
40 98 2295
40 99 1375
41 42 4306
41 43 1669
41 44 5476
41 45 9602
41 46 7830
41 47 9098
41 48 552
41 49 709
41 50 2527
41 51 8951
41 52 5503
41 53 4510
41 54 4218
41 55 3766
41 56 3923
41 57 7167
41 58 297
41 59 5724
41 60 422
41 61 6096
41 62 2743
41 63 8064
41 64 5381
41 65 8690
41 66 4926
41 67 9246
41 68 6417
41 69 9280
41 70 1560
41 71 6502
41 72 8606
41 73 7009
41 74 8502
41 75 2531
41 76 8036
41 77 5773
41 78 9275
41 79 1506
41 80 3567
41 81 6261
41 82 8172
41 83 8335
41 84 9826
41 85 9253
41 86 5573
41 87 8142
41 88 397
41 89 8795
41 90 9725
41 91 1343
41 92 3941
41 93 3681
41 94 651
41 95 3319
41 96 7537
41 97 5695
41 98 6072
41 99 6745
42 43 939
42 44 3545
42 45 6280
42 46 8888
42 47 2620
42 48 2063
42 49 4738
42 50 5835
42 51 3503
42 52 7321
42 53 3867
42 54 540
42 55 7086
42 56 9613
42 57 950
42 58 1813
42 59 5310
42 60 7945
42 61 7359
42 62 6935
42 63 7980
42 64 1589
42 65 5447
42 66 1462
42 67 9767
42 68 6579
42 69 1339
42 70 5952
42 71 2943
42 72 7576
42 73 8583
42 74 838
42 75 5855
42 76 8463
42 77 7181
42 78 7498
42 79 6836
42 80 8216
42 81 4855
42 82 5666
42 83 796
42 84 2141
42 85 2587
42 86 4778
42 87 1006
42 88 2394
42 89 4431
42 90 9588
42 91 1776
42 92 5856
42 93 2394
42 94 8436
42 95 8643
42 96 1905
42 97 804
42 98 5930
42 99 1441
43 44 7385
43 45 964
43 46 489
43 47 2231
43 48 1170
43 49 6152
43 50 1159
43 51 4409
43 52 6133
43 53 9045
43 54 7474
43 55 1548
43 56 2015
43 57 8519
43 58 687
43 59 4509
43 60 8743
43 61 422
43 62 4698
43 63 3199
43 64 6067
43 65 7413
43 66 184
43 67 4978
43 68 2034
43 69 6237
43 70 6038
43 71 5164
43 72 9804
43 73 6927
43 74 8080
43 75 6353
43 76 9547
43 77 7313
43 78 6173
43 79 2332
43 80 9795
43 81 7980
43 82 7393
43 83 9264
43 84 486
43 85 7332
43 86 4685
43 87 1495
43 88 8167
43 89 3778
43 90 7575
43 91 1876
43 92 2350
43 93 2236
43 94 3935
43 95 6786
43 96 843
43 97 5107
43 98 9524
43 99 4192
44 45 1037
44 46 3683
44 47 5127
44 48 9032
44 49 3589
44 50 4545
44 51 9425
44 52 3949
44 53 4718
44 54 6920
44 55 9471
44 56 5000
44 57 3412
44 58 1208
44 59 9592
44 60 1332
44 61 263
44 62 5920
44 63 3872
44 64 5013
44 65 5333
44 66 119
44 67 6979
44 68 2237
44 69 3507
44 70 1142
44 71 3041
44 72 9912
44 73 7099
44 74 2818
44 75 2500
44 76 2305
44 77 7157
44 78 7756
44 79 2456
44 80 843
44 81 6849
44 82 8292
44 83 6856
44 84 6450
44 85 2610
44 86 4690
44 87 9086
44 88 7840
44 89 1291
44 90 5849
44 91 1006
44 92 1118
44 93 4491
44 94 7351
44 95 9279
44 96 5685
44 97 4415
44 98 4025
44 99 1958
45 46 8996
45 47 9183
45 48 9365
45 49 5745
45 50 8023
45 51 9294
45 52 2126
45 53 7045
45 54 8399
45 55 1153
45 56 1202
45 57 8041
45 58 3204
45 59 7999
45 60 3512
45 61 2341
45 62 2061
45 63 3349
45 64 6016
45 65 3464
45 66 7831
45 67 7182
45 68 2220
45 69 3396
45 70 2557
45 71 467
45 72 5577
45 73 7785
45 74 6490
45 75 9351
45 76 7028
45 77 8936
45 78 4088
45 79 6374
45 80 1619
45 81 7715
45 82 8638
45 83 2382
45 84 9566
45 85 707
45 86 2844
45 87 9478
45 88 487
45 89 9537
45 90 6130
45 91 2319
45 92 5568
45 93 5120
45 94 685
45 95 2327
45 96 1397
45 97 808
45 98 7354
45 99 6976
46 47 872
46 48 4864
46 49 9348
46 50 4231
46 51 1199
46 52 4545
46 53 6455
46 54 400
46 55 6273
46 56 1143
46 57 4937
46 58 8206
46 59 970
46 60 7813
46 61 8628
46 62 733
46 63 7814
46 64 9720
46 65 4882
46 66 6007
46 67 2287
46 68 9128
46 69 4946
46 70 6499
46 71 1647
46 72 6402
46 73 2136
46 74 7555
46 75 3556
46 76 1581
46 77 2713
46 78 8871
46 79 5024
46 80 169
46 81 3799
46 82 3549
46 83 9218
46 84 1118
46 85 9805
46 86 9940
46 87 7565
46 88 4568
46 89 3924
46 90 2540
46 91 7205
46 92 1860
46 93 3991
46 94 9542
46 95 9364
46 96 576
46 97 2716
46 98 6263
46 99 2486
47 48 2909
47 49 690
47 50 5677
47 51 5066
47 52 6565
47 53 6852
47 54 9519
47 55 7066
47 56 3524
47 57 5166
47 58 6043
47 59 5492
47 60 3554
47 61 8156
47 62 3389
47 63 9274
47 64 6106
47 65 7614
47 66 755
47 67 935
47 68 6400
47 69 348
47 70 3075
47 71 7706
47 72 8892
47 73 2124
47 74 8755
47 75 2712
47 76 4098
47 77 6098
47 78 4153
47 79 7666
47 80 2774
47 81 3008
47 82 2980
47 83 2080
47 84 4849
47 85 9107
47 86 3532
47 87 459
47 88 9160
47 89 4447
47 90 1807
47 91 8121
47 92 4066
47 93 8449
47 94 3899
47 95 8390
47 96 8290
47 97 1951
47 98 6826
47 99 8691
48 49 5982
48 50 4888
48 51 2950
48 52 815
48 53 9922
48 54 6603
48 55 9473
48 56 1037
48 57 2013
48 58 1419
48 59 1189
48 60 9104
48 61 796
48 62 5558
48 63 1566
48 64 1190
48 65 1557
48 66 2727
48 67 4587
48 68 853
48 69 5804
48 70 4790
48 71 7285
48 72 3721
48 73 3379
48 74 824
48 75 887
48 76 6220
48 77 2258
48 78 2538
48 79 6626
48 80 5976
48 81 8252
48 82 6567
48 83 849
48 84 1706
48 85 9196
48 86 4454
48 87 2879
48 88 3385
48 89 6023
48 90 9292
48 91 8218
48 92 9266
48 93 6117
48 94 3912
48 95 9167
48 96 4947
48 97 2753
48 98 9298
48 99 4710
49 50 1070
49 51 8078
49 52 3460
49 53 1571
49 54 492
49 55 6115
49 56 387
49 57 8800
49 58 2790
49 59 6549
49 60 5895
49 61 8902
49 62 3825
49 63 9695
49 64 2213
49 65 9606
49 66 751
49 67 7959
49 68 5934
49 69 1648
49 70 8345
49 71 9375
49 72 4645
49 73 9655
49 74 800
49 75 4327
49 76 5950
49 77 5126
49 78 4258
49 79 7454
49 80 8881
49 81 2815
49 82 9251
49 83 2912
49 84 1771
49 85 4399
49 86 8961
49 87 2668
49 88 2533
49 89 6199
49 90 8745
49 91 4280
49 92 6992
49 93 979
49 94 4721
49 95 6787
49 96 8425
49 97 7305
49 98 4391
49 99 710
50 51 6799
50 52 3862
50 53 238
50 54 941
50 55 9306
50 56 206
50 57 8031
50 58 9355
50 59 4768
50 60 9939
50 61 5196
50 62 7332
50 63 3227
50 64 7060
50 65 978
50 66 7063
50 67 8617
50 68 1306
50 69 9410
50 70 4525
50 71 6794
50 72 3744
50 73 8087
50 74 6284
50 75 3397
50 76 9537
50 77 652
50 78 6946
50 79 6034
50 80 886
50 81 8506
50 82 3963
50 83 3086
50 84 9432
50 85 7791
50 86 1779
50 87 7091
50 88 4099
50 89 955
50 90 7848
50 91 4073
50 92 7299
50 93 8305
50 94 8910
50 95 1487
50 96 9693
50 97 3896
50 98 7119
50 99 6496
51 52 1303
51 53 1809
51 54 2089
51 55 3168
51 56 4665
51 57 3429
51 58 6746
51 59 1931
51 60 3915
51 61 3670
51 62 1974
51 63 7064
51 64 2248
51 65 4281
51 66 7507
51 67 8385
51 68 9007
51 69 5326
51 70 4217
51 71 1393
51 72 6814
51 73 1731
51 74 6061
51 75 6085
51 76 8634
51 77 405
51 78 8259
51 79 8428
51 80 4413
51 81 4825
51 82 2009
51 83 34
51 84 7035
51 85 8249
51 86 5002
51 87 965
51 88 7746
51 89 3728
51 90 1335
51 91 7816
51 92 1891
51 93 8941
51 94 4010
51 95 4201
51 96 6852
51 97 6579
51 98 8165
51 99 3615
52 53 5395
52 54 6435
52 55 3416
52 56 5269
52 57 9308
52 58 3680
52 59 9238
52 60 1939
52 61 150
52 62 8901
52 63 8196
52 64 5142
52 65 6220
52 66 9385
52 67 8016
52 68 7012
52 69 7450
52 70 7873
52 71 4965
52 72 137
52 73 2800
52 74 4538
52 75 7841
52 76 6323
52 77 7982
52 78 310
52 79 3971
52 80 2748
52 81 4825
52 82 4808
52 83 6056
52 84 9300
52 85 7478
52 86 168
52 87 1447
52 88 4029
52 89 4747
52 90 2774
52 91 3496
52 92 4583
52 93 2368
52 94 8590
52 95 7978
52 96 2261
52 97 3769
52 98 4115
52 99 6283
53 54 1890
53 55 2966
53 56 4305
53 57 1061
53 58 5122
53 59 8653
53 60 751
53 61 9309
53 62 6928
53 63 4228
53 64 8350
53 65 2507
53 66 5094
53 67 4563
53 68 6291
53 69 3351
53 70 342
53 71 6625
53 72 9708
53 73 3863
53 74 322
53 75 7731
53 76 1634
53 77 216
53 78 4180
53 79 2172
53 80 963
53 81 5505
53 82 5670
53 83 4223
53 84 1089
53 85 2826
53 86 1834
53 87 3136
53 88 5585
53 89 7579
53 90 1179
53 91 3613
53 92 1839
53 93 9671
53 94 9955
53 95 3487
53 96 927
53 97 3440
53 98 7673
53 99 8836
54 55 2132
54 56 5538
54 57 3302
54 58 5614
54 59 3559
54 60 8768
54 61 1726
54 62 6026
54 63 6022
54 64 2921
54 65 6007
54 66 7343
54 67 6020
54 68 2013
54 69 4719
54 70 609
54 71 5036
54 72 1042
54 73 5240
54 74 6812
54 75 6598
54 76 4335
54 77 3226
54 78 8458
54 79 9602
54 80 1888
54 81 5734
54 82 5226
54 83 6247
54 84 9719
54 85 431
54 86 3390
54 87 5590
54 88 5175
54 89 6167
54 90 40
54 91 9223
54 92 8396
54 93 834
54 94 4790
54 95 3834
54 96 6662
54 97 856
54 98 3604
54 99 6567
55 56 9270
55 57 2939
55 58 1667
55 59 2961
55 60 6719
55 61 2759
55 62 4815
55 63 4010
55 64 9495
55 65 7178
55 66 1910
55 67 8408
55 68 8577
55 69 6247
55 70 3810
55 71 8419
55 72 1860
55 73 8785
55 74 8049
55 75 2947
55 76 8157
55 77 635
55 78 2238
55 79 9383
55 80 3174
55 81 7844
55 82 3303
55 83 6598
55 84 9906
55 85 7937
55 86 4160
55 87 5030
55 88 9281
55 89 1249
55 90 4209
55 91 6263
55 92 5545
55 93 825
55 94 5098
55 95 3693
55 96 4894
55 97 3787
55 98 8614
55 99 7942
56 57 5148
56 58 9278
56 59 9293
56 60 5513
56 61 8899
56 62 8086
56 63 323
56 64 6873
56 65 2470
56 66 6883
56 67 7697
56 68 587
56 69 8303
56 70 5645
56 71 4195
56 72 3465
56 73 8919
56 74 272
56 75 1740
56 76 2759
56 77 6475
56 78 3675
56 79 7968
56 80 5353
56 81 3120
56 82 7678
56 83 413
56 84 663
56 85 3863
56 86 4977
56 87 9617
56 88 8445
56 89 5444
56 90 5066
56 91 713
56 92 111
56 93 1837
56 94 586
56 95 1509
56 96 2300
56 97 9452
56 98 843
56 99 3975
57 58 4424
57 59 2824
57 60 7405
57 61 5173
57 62 7705
57 63 4650
57 64 2604
57 65 3135
57 66 1833
57 67 2409
57 68 5558
57 69 2954
57 70 6776
57 71 7463
57 72 1890
57 73 8477
57 74 1508
57 75 1549
57 76 2682
57 77 5345
57 78 8462
57 79 9866
57 80 5453
57 81 1878
57 82 2365
57 83 9586
57 84 4895
57 85 5292
57 86 4790
57 87 7558
57 88 3983
57 89 2113
57 90 1214
57 91 1195
57 92 6661
57 93 3254
57 94 5699
57 95 2115
57 96 1787
57 97 6243
57 98 9369
57 99 2964
58 59 4271
58 60 9305
58 61 2826
58 62 4025
58 63 3389
58 64 4637
58 65 9320
58 66 7738
58 67 187
58 68 1084
58 69 5085
58 70 6017
58 71 5536
58 72 9658
58 73 5560
58 74 7419
58 75 7951
58 76 8854
58 77 1401
58 78 8611
58 79 5577
58 80 556
58 81 6181
58 82 7359
58 83 9903
58 84 1487
58 85 8434
58 86 2286
58 87 9698
58 88 9607
58 89 4329
58 90 8040
58 91 2429
58 92 9645
58 93 3669
58 94 3195
58 95 6990
58 96 7039
58 97 1127
58 98 2175
58 99 5963
59 60 4957
59 61 6697
59 62 1833
59 63 7818
59 64 4780
59 65 4160
59 66 7914
59 67 9475
59 68 6472
59 69 4060
59 70 6569
59 71 7481
59 72 1566
59 73 8140
59 74 1320
59 75 1667
59 76 8187
59 77 5499
59 78 6470
59 79 8628
59 80 4458
59 81 6825
59 82 3758
59 83 3602
59 84 3933
59 85 1961
59 86 313
59 87 8411
59 88 4291
59 89 7826
59 90 2388
59 91 5
59 92 8402
59 93 8215
59 94 1215
59 95 8854
59 96 5114
59 97 4376
59 98 4407
59 99 8940
60 61 5625
60 62 5432
60 63 8781
60 64 1411
60 65 139
60 66 677
60 67 8213
60 68 2118
60 69 8663
60 70 1578
60 71 3198
60 72 9186
60 73 9253
60 74 9925
60 75 7152
60 76 531
60 77 6818
60 78 9966
60 79 8178
60 80 2807
60 81 5629
60 82 6614
60 83 4012
60 84 2670
60 85 9153
60 86 8836
60 87 2169
60 88 8408
60 89 1467
60 90 7212
60 91 6930
60 92 5031
60 93 5597
60 94 7286
60 95 9748
60 96 8715
60 97 5420
60 98 5830
60 99 9875
61 62 7140
61 63 9441
61 64 5441
61 65 7608
61 66 701
61 67 6722
61 68 3962
61 69 3368
61 70 5836
61 71 7494
61 72 9177
61 73 2057
61 74 5792
61 75 3585
61 76 5916
61 77 3608
61 78 6019
61 79 6715
61 80 2280
61 81 7437
61 82 1099
61 83 5873
61 84 4030
61 85 669
61 86 7609
61 87 8580
61 88 1366
61 89 7382
61 90 2654
61 91 4618
61 92 274
61 93 8922
61 94 927
61 95 4999
61 96 1443
61 97 3331
61 98 4120
61 99 3402
62 63 3339
62 64 5363
62 65 5234
62 66 2052
62 67 2433
62 68 7199
62 69 6962
62 70 9153
62 71 2824
62 72 3987
62 73 7647
62 74 345
62 75 9534
62 76 7634
62 77 551
62 78 2384
62 79 4602
62 80 6901
62 81 2173
62 82 3277
62 83 2762
62 84 1769
62 85 3169
62 86 9426
62 87 3997
62 88 5318
62 89 1065
62 90 6995
62 91 3517
62 92 6874
62 93 7407
62 94 1681
62 95 5837
62 96 6101
62 97 3247
62 98 8333
62 99 8539
63 64 8838
63 65 5926
63 66 9451
63 67 3020
63 68 2032
63 69 7028
63 70 9530
63 71 4099
63 72 6882
63 73 6046
63 74 361
63 75 7668
63 76 6450
63 77 6823
63 78 1006
63 79 5776
63 80 6423
63 81 4163
63 82 4933
63 83 1486
63 84 5445
63 85 6121
63 86 5989
63 87 1664
63 88 4507
63 89 3450
63 90 4342
63 91 4420
63 92 3251
63 93 1420
63 94 3283
63 95 9386
63 96 4710
63 97 825
63 98 7894
63 99 3216
64 65 9021
64 66 4349
64 67 6965
64 68 9730
64 69 942
64 70 1673
64 71 266
64 72 3993
64 73 5629
64 74 1725
64 75 4304
64 76 2291
64 77 2050
64 78 3276
64 79 1042
64 80 5409
64 81 3680
64 82 5738
64 83 5680
64 84 954
64 85 1644
64 86 452
64 87 1598
64 88 1541
64 89 6382
64 90 9028
64 91 2806
64 92 9570
64 93 57
64 94 9364
64 95 6853
64 96 6080
64 97 3447
64 98 1850
64 99 4033
65 66 680
65 67 7855
65 68 7979
65 69 1951
65 70 1923
65 71 4688
65 72 1069
65 73 8031
65 74 2645
65 75 2807
65 76 4156
65 77 6387
65 78 2791
65 79 6465
65 80 3212
65 81 9629
65 82 3014
65 83 4732
65 84 4839
65 85 638
65 86 5953
65 87 6662
65 88 6295
65 89 4118
65 90 8509
65 91 5140
65 92 2330
65 93 2826
65 94 7668
65 95 6344
65 96 7659
65 97 8781
65 98 4450
65 99 1071
66 67 6117
66 68 5452
66 69 5441
66 70 8763
66 71 7539
66 72 2970
66 73 8993
66 74 5061
66 75 1238
66 76 4745
66 77 3704
66 78 8879
66 79 589
66 80 490
66 81 26
66 82 5634
66 83 6658
66 84 7667
66 85 2011
66 86 9057
66 87 103
66 88 598
66 89 5066
66 90 5247
66 91 9626
66 92 4101
66 93 7358
66 94 9105
66 95 2135
66 96 6400
66 97 7026
66 98 5085
66 99 4501
67 68 4275
67 69 4725
67 70 1323
67 71 9268
67 72 1936
67 73 1183
67 74 8649
67 75 7021
67 76 3956
67 77 2441
67 78 3712
67 79 6248
67 80 1736
67 81 1218
67 82 8514
67 83 7475
67 84 2443
67 85 1480
67 86 7024
67 87 2205
67 88 9144
67 89 4665
67 90 3204
67 91 8787
67 92 923
67 93 283
67 94 3807
67 95 6699
67 96 2205
67 97 629
67 98 3576
67 99 7953
68 69 1195
68 70 9205
68 71 114
68 72 9308
68 73 8376
68 74 5121
68 75 639
68 76 1837
68 77 7338
68 78 1203
68 79 3033
68 80 4989
68 81 1890
68 82 1862
68 83 9221
68 84 779
68 85 5326
68 86 7843
68 87 9712
68 88 9940
68 89 28
68 90 8910
68 91 4385
68 92 6013
68 93 8161
68 94 2256
68 95 6033
68 96 5179
68 97 7109
68 98 3954
68 99 34
69 70 9352
69 71 6539
69 72 3119
69 73 5612
69 74 7588
69 75 7471
69 76 3639
69 77 1588
69 78 6132
69 79 7602
69 80 6277
69 81 2269
69 82 625
69 83 1254
69 84 4765
69 85 7173
69 86 4880
69 87 6810
69 88 3105
69 89 1658
69 90 9443
69 91 9246
69 92 7706
69 93 4221
69 94 9692
69 95 473
69 96 7209
69 97 194
69 98 7641
69 99 5607
70 71 4917
70 72 903
70 73 3790
70 74 8980
70 75 3567
70 76 1963
70 77 5379
70 78 9745
70 79 9870
70 80 4302
70 81 5242
70 82 3268
70 83 6721
70 84 6771
70 85 1064
70 86 1134
70 87 4264
70 88 9745
70 89 8311
70 90 9570
70 91 7104
70 92 4984
70 93 1361
70 94 3371
70 95 3877
70 96 8209
70 97 6422
70 98 9971
70 99 7120
71 72 7349
71 73 6735
71 74 6251
71 75 5902
71 76 1210
71 77 5216
71 78 8830
71 79 1073
71 80 439
71 81 2256
71 82 7163
71 83 3111
71 84 5097
71 85 6662
71 86 7585
71 87 5543
71 88 888
71 89 5900
71 90 5573
71 91 2721
71 92 9151
71 93 7727
71 94 3002
71 95 9311
71 96 4093
71 97 9064
71 98 6911
71 99 288
72 73 4422
72 74 9544
72 75 6391
72 76 4447
72 77 5533
72 78 6523
72 79 4631
72 80 1497
72 81 2703
72 82 5590
72 83 3828
72 84 2637
72 85 5377
72 86 5562
72 87 1737
72 88 7194
72 89 7558
72 90 9829
72 91 9938
72 92 3382
72 93 9543
72 94 6504
72 95 5575
72 96 9516
72 97 1831
72 98 8306
72 99 263
73 74 3145
73 75 2871
73 76 9359
73 77 2160
73 78 9457
73 79 8522
73 80 157
73 81 9753
73 82 7058
73 83 2573
73 84 3826
73 85 8848
73 86 8746
73 87 4481
73 88 6533
73 89 7434
73 90 7293
73 91 2631
73 92 2370
73 93 6630
73 94 1358
73 95 8799
73 96 8393
73 97 9776
73 98 4693
73 99 2300
74 75 8605
74 76 5837
74 77 2541
74 78 331
74 79 6649
74 80 7811
74 81 2771
74 82 4377
74 83 5701
74 84 1550
74 85 5683
74 86 1265
74 87 653
74 88 5531
74 89 5664
74 90 1413
74 91 2057
74 92 7501
74 93 9890
74 94 6138
74 95 3478
74 96 9616
74 97 4166
74 98 519
74 99 3947
75 76 9759
75 77 3614
75 78 8221
75 79 4991
75 80 3017
75 81 6427
75 82 9939
75 83 7382
75 84 3977
75 85 2197
75 86 7695
75 87 6183
75 88 7449
75 89 2413
75 90 3048
75 91 3908
75 92 2507
75 93 9659
75 94 8514
75 95 739
75 96 2321
75 97 3750
75 98 7937
75 99 7559
76 77 159
76 78 7610
76 79 3386
76 80 2318
76 81 146
76 82 3032
76 83 3268
76 84 2714
76 85 9896
76 86 6617
76 87 8775
76 88 8527
76 89 970
76 90 9211
76 91 3529
76 92 5054
76 93 2259
76 94 7883
76 95 4343
76 96 5055
76 97 863
76 98 8159
76 99 9389
77 78 372
77 79 4803
77 80 5592
77 81 3747
77 82 5958
77 83 2000
77 84 6
77 85 1292
77 86 8446
77 87 341
77 88 2775
77 89 6201
77 90 8559
77 91 4386
77 92 7366
77 93 6963
77 94 1714
77 95 5277
77 96 6034
77 97 720
77 98 3946
77 99 1752
78 79 1032
78 80 5997
78 81 963
78 82 1828
78 83 6995
78 84 7460
78 85 6541
78 86 6666
78 87 2265
78 88 7177
78 89 2773
78 90 412
78 91 826
78 92 3067
78 93 8722
78 94 2399
78 95 3262
78 96 6705
78 97 5936
78 98 996
78 99 4681
79 80 9448
79 81 8968
79 82 1583
79 83 9907
79 84 7995
79 85 6568
79 86 4700
79 87 1412
79 88 7882
79 89 4506
79 90 4198
79 91 3417
79 92 6204
79 93 4163
79 94 9432
79 95 6418
79 96 2880
79 97 1939
79 98 9936
79 99 9966
80 81 3153
80 82 3294
80 83 5858
80 84 7957
80 85 2714
80 86 1833
80 87 2466
80 88 9914
80 89 811
80 90 8193
80 91 2480
80 92 3798
80 93 6024
80 94 5725
80 95 5658
80 96 712
80 97 4005
80 98 9944
80 99 1131
81 82 9550
81 83 6414
81 84 6556
81 85 4285
81 86 115
81 87 5515
81 88 8513
81 89 6655
81 90 6519
81 91 9468
81 92 5974
81 93 4259
81 94 8778
81 95 9221
81 96 4329
81 97 7075
81 98 9451
81 99 9072
82 83 4506
82 84 9932
82 85 3859
82 86 9474
82 87 6664
82 88 3036
82 89 7016
82 90 2486
82 91 3075
82 92 8497
82 93 7711
82 94 7336
82 95 8519
82 96 7809
82 97 366
82 98 6059
82 99 6814
83 84 4040
83 85 8281
83 86 6871
83 87 257
83 88 1642
83 89 7643
83 90 6009
83 91 4695
83 92 6270
83 93 310
83 94 7148
83 95 6699
83 96 6756
83 97 4770
83 98 1179
83 99 902
84 85 1477
84 86 8928
84 87 8109
84 88 4915
84 89 1771
84 90 5385
84 91 7192
84 92 6472
84 93 5743
84 94 9763
84 95 976
84 96 2437
84 97 6846
84 98 5266
84 99 3905
85 86 2137
85 87 2961
85 88 2154
85 89 6365
85 90 8119
85 91 3331
85 92 9109
85 93 590
85 94 5878
85 95 2692
85 96 4564
85 97 5757
85 98 366
85 99 4209
86 87 9984
86 88 5738
86 89 1146
86 90 5396
86 91 3814
86 92 4500
86 93 9973
86 94 4134
86 95 4361
86 96 929
86 97 4239
86 98 5085
86 99 2219
87 88 7007
87 89 7279
87 90 334
87 91 8016
87 92 648
87 93 1800
87 94 1934
87 95 9240
87 96 7308
87 97 5885
87 98 8179
87 99 697
88 89 2485
88 90 1927
88 91 9880
88 92 6748
88 93 625
88 94 7642
88 95 7710
88 96 9894
88 97 4628
88 98 4856
88 99 6767
89 90 9507
89 91 4130
89 92 6157
89 93 9899
89 94 6552
89 95 55
89 96 1710
89 97 7054
89 98 4970
89 99 7553
90 91 8519
90 92 3945
90 93 8105
90 94 9349
90 95 2270
90 96 9644
90 97 8994
90 98 6807
90 99 7495
91 92 9393
91 93 6652
91 94 6541
91 95 5270
91 96 5860
91 97 6579
91 98 6284
91 99 8907
92 93 9355
92 94 2648
92 95 4910
92 96 7167
92 97 5113
92 98 9225
92 99 7997
93 94 1424
93 95 3635
93 96 6960
93 97 2128
93 98 7883
93 99 8306
94 95 3010
94 96 8226
94 97 8492
94 98 3038
94 99 6623
95 96 6696
95 97 4482
95 98 1495
95 99 4004
96 97 4834
96 98 4630
96 99 8654
97 98 2169
97 99 62
98 99 6265